Elegir Transformada
 No transformar (0), DCT (1)  Hadamard (2) = 2
 
Elegir Dimensión Reducida
 Dim =  8
 error Linear train = 0.0776459   
 error Linear test = 0.08857   

CM_Linear_test =

   653     2     0     2     2     1     9     0     5     1
     0   544     1     1     2     0     1     0     1     2
     5     2   345    10    18     4     5     4     9     2
     2     2     2   329     0    13     0     4     4     2
     2     7     9     0   317     2     2     1     4    26
    10     2     1    11     9   268     4     0     5     1
     4     2     6     0     5     2   337     0     7     0
     1     3     0     1     5     0     0   306     1    27
     2    16     0    10     7     6     1     2   258     6
     0     3     0     1    12     0     0    13     1   327

 error knn train = 0.0430267   
 error knn test = 0.0566551   

CM_knn_test =

   665     1     4     1     0     1     2     0     0     1
     0   549     1     0     2     0     0     0     0     0
     8     8   365     2     4     0     3     8     6     0
     0     3     3   342     0     5     0     2     1     2
     1     7     3     0   335     0     3     1     0    20
    11     1     2     9     2   275     8     0     1     2
     6     1     1     0     5     0   350     0     0     0
     0     6     0     0     3     0     0   326     1     8
     3    11     1     8     3     2     2     3   273     2
     0     7     0     1     8     0     0     6     2   333




Elegir Transformada
 No transformar (0), DCT (1)  Hadamard (2) = 2
 
Elegir Dimensión Reducida
 Dim =  4
 error Linear train = 0.181009   
 error Linear test = 0.18951   

CM_Linear_test =

   580    31     1     2     4     1     7     0    49     0
     0   520     0     0     4     2     2     0    22     2
     9    44   305     9    14     2     2     2    17     0
     0    35     5   272     1    19     1     8     5    12
     1    57     1     0   261     0     3     0     4    43
     6    17     0    41     5   226     6     0     7     3
     4    15     1     0     2     2   336     0     3     0
     0    14     0     0     3     0     0   271     2    54
     8    76     6     8     3     5     2     1   194     5
     0    20     0     0    15     0     0    10     1   311

 error knn train = 0.0870425   
 error knn test = 0.114547   

CM_knn_test =

   649    14     2     2     1     0     1     0     6     0
     0   541     0     1     2     1     3     2     2     0
     9    12   362     9     2     1     0     1     7     1
     6     7    11   298     0    15     0     6     9     6
     2    21     5     0   299     0     2     0     2    39
    17     7     0    26     4   242     8     1     5     1
     6     5     1     0     4     2   344     0     1     0
     0     6     2     0     3     0     0   310     2    21
    20    64     1     9     2     4     2     0   205     1
     1     5     0     0     8     0     0     9     5   329






Elegir Transformada
 No transformar (0), DCT (1)  Hadamard (2) = 2
 
Elegir Dimensión Reducida
 Dim =  2
 error Linear train = 0.347676   
 error Linear test = 0.33523   

CM_Linear_test =

   544    50    16    18     9     3     4     2    29     0
     6   527     5     2     3     0     2     1     6     0
    36    46   255     8     9     2    40     0     8     0
    23    24     4   193    51    13     0    26     5    19
     8    74    20    33    93    51     6     9    12    64
    34    14     3    51    26   162     6     0     5    10
     6    23    38     1     0     1   294     0     0     0
     1    28     0     3     4     0     0   241     4    63
    55    79    14    15    28     4     0     3   107     3
     1    15     0    12    15     2     0    32     9   271

 error knn train = 0.256182   
 error knn test = 0.304057   

CM_knn_test =

   580    24    13    13     2     2     3     0    38     0
    17   511     8     2     1     0     0     2    11     0
    51    21   265     4    14     2    33     0    14     0
    36    11     3   226    24    13     0    14    17    14
    15    38    25    53   113    33     6    19    14    54
    41     8     7    37    38   157     4     0    13     6
    11     0    31     0     3     1   317     0     0     0
     2     7     0    13     8     0     0   245     1    68
    74    58     8    25     8     4     1     0   125     5
     1     1     0    20    14     2     0    33    12   274