Elegir Transformada
 No transformar (0), DCT (1)  Hadamard (2) = 1
 
Elegir Dimensión Reducida
 Dim =  8
 error Linear train = 0.080366   
 error Linear test = 0.087333   

CM_Linear_test =

   658     0     1     5     1     1     4     0     5     0
     0   547     0     1     1     0     1     0     2     0
     3     3   343     6    12     2     8     2    22     3
     2     0     4   321     0    11     0     6    12     2
     4    11     8     0   316     0     3     2     5    21
     9     0     3    16     7   265     3     0     5     3
     1     2     5     0     4     4   344     0     3     0
     0     2     1     0     6     0     0   300     3    32
     4     7     3    16     7     3     1     0   263     4
     0     1     0     1    13     0     0     8     2   332

 error knn train = 0.0390702   
 error knn test = 0.0470064   

CM_knn_test =

   672     0     1     2     0     0     0     0     0     0
     0   550     0     0     1     0     1     0     0     0
    11     3   372     3     1     0     2     5     7     0
     2     1     2   342     0     1     0     1     5     4
     1     8     3     0   334     0     4     2     1    17
     8     0     2     6     0   287     3     0     3     2
     7     2     1     0     1     1   350     0     1     0
     0     4     1     0     4     0     0   330     0     5
     3     6     0     7     4     1     2     3   277     5
     1     1     1     1     7     0     0     6     2   338




Elegir Transformada
 No transformar (0), DCT (1)  Hadamard (2) = 1
 
Elegir Dimensión Reducida
 Dim =  4
 error Linear train = 0.162216   
 error Linear test = 0.157595   

CM_Linear_test =

   599    39     3     4     4     1     9     0    16     0
     0   546     0     0     1     1     1     0     2     1
     4    29   309    18    18     2     5     0    16     3
     2    15     2   302     1    14     0    12     3     7
     0    42     6     0   304     0     1     2     1    14
     4     5     1    36     7   238     4     0    13     3
     4    18     3     0     2     1   333     0     2     0
     0    18     0     2     3     0     0   274     2    45
     5    87     3     5    10     4     1     0   189     4
     0    22     0     1    11     1     0    10     1   311

 error knn train = 0.0699802   
 error knn test = 0.0809005   

CM_knn_test =

   665     4     2     2     0     0     1     0     1     0
     0   547     0     2     2     0     0     0     1     0
     8     2   362     7     5     0     5     3    11     1
     6     1     0   328     1    11     0     4     4     3
     0    11     9     0   339     0     2     1     0     8
    15     0     1    33     3   245     6     0     5     3
     6     6     2     0     1     0   348     0     0     0
     0     1     0     1     7     0     0   318     4    13
    19    40     2     9     4     1     1     0   230     2
     0     3     0     1     7     0     0     9     4   333




Elegir Transformada
 No transformar (0), DCT (1)  Hadamard (2) = 1
 
Elegir Dimensión Reducida
 Dim =  2
 error Linear train = 0.376113   
 error Linear test = 0.377041   

CM_Linear_test =

   498    54    39    30    16     0     3     1    34     0
     6   525     4     1    13     0     2     0     1     0
    70    55   170    25     3     2    69     0     8     2
    29    32     2   187    44    34     0    10     2    18
    11   118     9    40    98    13     4     2    39    36
    29    19     1    40    30   166     0     0    24     2
    12    27    45     0     0     3   276     0     0     0
     0    26     0     1     2     0     0   229     1    85
    63    59     7    11    46     3     0     0   105    14
     1    31     0     5    22     0     0    30     4   264

 error knn train = 0.313304   
 error knn test = 0.37234   

CM_knn_test =

   538    27    30    24     6     6    12     0    32     0
    11   513     7     1    11     1     3     0     4     1
   104    23   159    19     7     9    69     0    13     1
    36     9    10   225    34    17     1     5    14     7
    24    48     8    56   108    11     6     6    63    40
    58    12     7    69    22    77     1     0    59     6
    14     2    31     0     2     2   312     0     0     0
     0     0     0     4     9     0     0   249     2    80
    90    34    13    16    41     7     1     0    95    11
     1     4     0     7    24     0     0    54     6   261